{
    "elapsed_timesteps": 25600000,
    "n_calls": 800000,
    "kc": {
        "forward": 1.0,
        "lateral": 0.9320745693862619,
        "angular": 0.9320745693862619,
        "balance_twist": 0.3812616099600154,
        "rhythm": 0.06958374928841997,
        "efficiency": 0.06958374928841997
    }
}