{
    "elapsed_timesteps": 54400000,
    "n_calls": 1700000,
    "kc": {
        "forward": 1.0,
        "lateral": 1.0,
        "angular": 1.0,
        "balance_twist": 1.0,
        "rhythm": 0.8575386180752586,
        "efficiency": 0.8575386180752586
    }
}