{
    "elapsed_timesteps": 19200000,
    "n_calls": 600000,
    "kc": {
        "forward": 1.0,
        "lateral": 0.07986878119665483,
        "angular": 0.07986878119665483,
        "balance_twist": 0.9999999999999446,
        "rhythm": 0.07986878119665483,
        "efficiency": 0.07986878119665483
    }
}