{
    "elapsed_timesteps": 22400000,
    "n_calls": 700000,
    "kc": {
        "forward": 1.0,
        "lateral": 1.0,
        "angular": 1.0,
        "balance_twist": 1.0,
        "rhythm": 0.6929166794735897,
        "efficiency": 0.6929166794735897
    }
}